-1000 0,0 -1000,0
-990 0,0 -990,0
-980 0,0 -980,0
-970 0,0 -970,0
-960 0,0 -960,0
-950 0,0 -950,0
-940 0,0 -940,0
-930 0,0 -930,0
-920 0,0 -920,0
-910 0,0 -910,0
-900 0,0 -900,0
-890 0,0 -890,0
-880 0,0 -880,0
-870 0,0 -870,0
-860 0,0 -860,0
-850 0,0 -850,0
-840 0,0 -840,0
-830 0,0 -830,0
-820 0,0 -820,0
-810 0,0 -810,0
-800 0,0 -800,0
-790 0,0 -790,0
-780 0,0 -780,0
-770 0,0 -770,0
-760 0,0 -760,0
-750 0,0 -750,0
-740 0,0 -740,0
-730 0,0 -730,0
-720 0,0 -720,0
-710 0,0 -710,0
-700 0,0 -700,0
-690 0,0 -690,0
-680 0,0 -680,0
-670 0,0 -670,0
-660 0,0 -660,0
-650 0,0 -650,0
-640 0,0 -640,0
-630 0,0 -630,0
-620 0,0 -620,0
-610 0,0 -610,0
-600 0,0 -600,0
-590 0,0 -590,0
-580 0,0 -580,0
-570 0,0 -570,0
-560 0,0 -560,0
-550 0,0 -550,0
-540 0,0 -540,0
-530 0,0 -530,0
-520 0,0 -520,0
-510 0,0 -510,0
-500 0,0 -500,0
-490 0,0 -490,0
-480 0,0 -480,0
-470 0,0 -470,0
-460 0,0 -460,0
-450 0,0 -450,0
-440 0,0 -440,0
-430 0,0 -430,0
-420 0,0 -420,0
-410 0,0 -410,0
-400 0,0 -400,0
-390 0,0 -390,0
-380 0,0 -380,0
-370 0,0 -370,0
-360 0,0 -360,0
-350 0,0 -350,0
-340 0,0 -340,0
-330 0,0 -330,0
-320 0,0 -320,0
-310 0,0 -310,0
-300 0,0 -300,0
-290 0,0 -290,0
-280 0,0 -280,0
-270 0,0 -270,0
-260 0,0 -260,0
-250 0,0 -250,0
-240 0,0 -240,0
-230 0,0 -230,0
-220 0,0 -220,0
-210 0,0 -210,0
-200 0,0 -200,0
-190 0,0 -190,0
-180 0,0 -180,0
-170 0,0 -170,0
-160 0,0 -160,0
-150 0,0 -150,0
-140 0,0 -140,0
-130 0,0 -130,0
-120 0,0 -120,0
-110 0,0 -110,0
-100 0,0 -100,0
-99 0,0 -99,0
-98 0,0 -98,0
-97 0,0 -97,0
-96 0,0 -96,0
-95 0,0 -95,0
-94 0,0 -94,0
-93 0,0 -93,0
-92 0,0 -92,0
-91 0,0 -91,0
-90 0,0 -90,0
-89 0,0 -89,0
-88 0,0 -88,0
-87 0,0 -87,0
-86 0,0 -86,0
-85 0,0 -85,0
-84 0,0 -84,0
-83 0,0 -83,0
-82 0,0 -82,0
-81 0,0 -81,0
-80 0,0 -80,0
-79 0,0 -79,0
-78 0,0 -78,0
-77 0,0 -77,0
-76 0,0 -76,0
-75 0,0 -75,0
-74 0,0 -74,0
-73 0,0 -73,0
-72 0,0 -72,0
-71 0,0 -71,0
-70 0,0 -70,0
-69 0,0 -69,0
-68 0,0 -68,0
-67 0,0 -67,0
-66 0,0 -66,0
-65 0,0 -65,0
-64 0,0 -64,0
-63 0,0 -63,0
-62 0,0 -62,0
-61 0,0 -61,0
-60 0,0 -60,0
-59 0,0 -59,0
-58 0,0 -58,0
-57 0,0 -57,0
-56 0,0 -56,0
-55 0,0 -55,0
-54 0,0 -54,0
-53 0,0 -53,0
-52 0,0 -52,0
-51 0,0 -51,0
-50 0,0 -50,0
-49 0,0 -49,0
-48 0,0 -48,0
-47 0,0 -47,0
-46 0,0 -46,0
-45 0,0 -45,0
-44 0,0 -44,0
-43 0,0 -43,0
-42 0,0 -42,0
-41 0,0 -41,0
-40 0,0 -40,0
-39 0,0 -39,0
-38 0,0 -38,0
-37 0,0 -37,0
-36 0,0 -36,0
-35 0,0 -35,0
-34 0,0 -34,0
-33 0,0 -33,0
-32 0,0 -32,0
-31 0,0 -31,0
-30 0,0 -30,0
-29 0,0 -29,0
-28 0,0 -28,0
-27 0,0 -27,0
-26 0,0 -26,0
-25 0,0 -25,0
-24 0,0 -24,0
-23 0,0 -23,0
-22 0,0 -22,0
-21 0,0 -21,0
-20 0,0 -20,0
-19 0,0 -19,0
-18 0,0 -18,0
-17 0,0 -17,0
-16 0,0 -16,0
-15 0,0 -15,0
-14 0,0 -14,0
-13 0,0 -13,0
-12 0,0 -12,0
-11 0,0 -11,0
-10 0,0 -10,0
-9 0,0 -9,0
-8 0,0 -8,0
-7 0,0 -7,0
-6 0,0 -6,0
-5 0,0 -5,0
-4 0,0 -4,0
-3 0,0 -3,0
-2 0,0 -2,0
-1 0,0 -1,0
0 0,0 0,0
1 0,0 1,0
2 0,0 2,0
3 0,0 3,0
4 0,0 4,0
5 0,0 5,0
6 0,0 6,0
7 0,0 7,0
8 0,0 8,0
9 0,0 9,0
10 0,0 10,0
11 0,0 11,0
12 0,0 12,0
13 0,0 13,0
14 0,0 14,0
15 0,0 15,0
16 0,0 16,0
17 0,0 17,0
18 0,0 18,0
19 0,0 19,0
20 0,0 20,0
21 0,0 21,0
22 0,0 22,0
23 0,0 23,0
24 0,0 24,0
25 0,0 25,0
26 0,0 26,0
27 0,0 27,0
28 0,0 28,0
29 0,0 29,0
30 0,0 30,0
31 0,0 31,0
32 0,0 32,0
33 0,0 33,0
34 0,0 34,0
35 0,0 35,0
36 0,0 36,0
37 0,0 37,0
38 0,0 38,0
39 0,0 39,0
40 0,0 40,0
41 0,0 41,0
42 0,0 42,0
43 0,0 43,0
44 0,0 44,0
45 0,0 45,0
46 0,0 46,0
47 0,0 47,0
48 0,0 48,0
49 0,0 49,0
50 0,0 50,0
51 0,0 51,0
52 0,0 52,0
53 0,0 53,0
54 0,0 54,0
55 0,0 55,0
56 0,0 56,0
57 0,0 57,0
58 0,0 58,0
59 0,0 59,0
60 0,0 60,0
61 0,0 61,0
62 0,0 62,0
63 0,0 63,0
64 0,0 64,0
65 0,0 65,0
66 0,0 66,0
67 0,0 67,0
68 0,0 68,0
69 0,0 69,0
70 0,0 70,0
71 0,0 71,0
72 0,0 72,0
73 0,0 73,0
74 0,0 74,0
75 0,0 75,0
76 0,0 76,0
77 0,0 77,0
78 0,0 78,0
79 0,0 79,0
80 0,0 80,0
81 0,0 81,0
82 0,0 82,0
83 0,0 83,0
84 0,0 84,0
85 0,0 85,0
86 0,0 86,0
87 0,0 87,0
88 0,0 88,0
89 0,0 89,0
90 0,0 90,0
91 0,0 91,0
92 0,0 92,0
93 0,0 93,0
94 0,0 94,0
95 0,0 95,0
96 0,0 96,0
97 0,0 97,0
98 0,0 98,0
99 0,0 99,0
100 0,0 100,0
110 0,0 110,0
120 0,0 120,0
130 0,0 130,0
140 0,0 140,0
150 0,0 150,0
160 0,0 160,0
170 0,0 170,0
180 0,0 180,0
190 0,0 190,0
200 0,0 200,0
210 0,0 210,0
220 0,0 220,0
230 0,0 230,0
240 0,0 240,0
250 0,0 250,0
260 0,0 260,0
270 0,0 270,0
280 0,0 280,0
290 0,0 290,0
300 0,0 300,0
310 0,0 310,0
320 0,0 320,0
330 0,0 330,0
340 0,0 340,0
350 0,0 350,0
360 0,0 360,0
370 0,0 370,0
380 0,0 380,0
390 0,0 390,0
400 0,0 400,0
410 0,0 410,0
420 0,0 420,0
430 0,0 430,0
440 0,0 440,0
450 0,0 450,0
460 0,0 460,0
470 0,0 470,0
480 0,0 480,0
490 0,0 490,0
500 0,0 500,0
510 0,0 510,0
520 0,0 520,0
530 0,0 530,0
540 0,0 540,0
550 0,0 550,0
560 0,0 560,0
570 0,0 570,0
580 0,0 580,0
590 0,0 590,0
600 0,0 600,0
610 0,0 610,0
620 0,0 620,0
630 0,0 630,0
640 0,0 640,0
650 0,0 650,0
660 0,0 660,0
670 0,0 670,0
680 0,0 680,0
690 0,0 690,0
700 0,0 700,0
710 0,0 710,0
720 0,0 720,0
730 0,0 730,0
740 0,0 740,0
750 0,0 750,0
760 0,0 760,0
770 0,0 770,0
780 0,0 780,0
790 0,0 790,0
800 0,0 800,0
810 0,0 810,0
820 0,0 820,0
830 0,0 830,0
840 0,0 840,0
850 0,0 850,0
860 0,0 860,0
870 0,0 870,0
880 0,0 880,0
890 0,0 890,0
900 0,0 900,0
910 0,0 910,0
920 0,0 920,0
930 0,0 930,0
940 0,0 940,0
950 0,0 950,0
960 0,0 960,0
970 0,0 970,0
980 0,0 980,0
990 0,0 990,0
-1000 0,0001 -1294,967296
-990 0,0001 -1403,771296
-980 0,0001 -1510,199296
-970 0,0001 -1614,275296
-960 0,0001 -1716,0232959999998
-950 0,0001 -1815,4672959999998
-940 0,0001 -1912,631296
-930 0,0001 -2007,539296
-920 0,0001 -2100,215296
-910 0,0001 -2190,683296
-900 0,0001 -2278,967296
-890 0,0001 -2365,0912959999996
-880 0,0001 -2449,079296
-870 0,0001 -2530,955296
-860 0,0001 -2610,7432959999996
-850 0,0001 -2688,467296
-840 0,0001 -2764,151296
-830 0,0001 -2837,8192959999997
-820 0,0001 -2909,495296
-810 0,0001 1315,7640000000001
-800 0,0001 1248,0
-790 0,0001 1182,156
-780 0,0001 1118,2079999999999
-770 0,0001 1056,1319999999998
-760 0,0001 995,904
-750 0,0001 937,5
-740 0,0001 880,896
-730 0,0001 826,068
-720 0,0001 772,992
-710 0,0001 721,644
-700 0,0001 672,0
-690 0,0001 624,0359999999998
-680 0,0001 577,7279999999998
-670 0,0001 533,0519999999999
-660 0,0001 489,9839999999999
-650 0,0001 448,5
-640 0,0001 408,576
-630 0,0001 370,188
-620 0,0001 333,312
-610 0,0001 297,924
-600 0,0001 264,0
-590 0,0001 231,51599999999996
-580 0,0001 200,44799999999998
-570 0,0001 170,77199999999993
-560 0,0001 142,46399999999994
-550 0,0001 0,29240162334306413
-540 0,0001 89,856
-530 0,0001 0,2924016349978895
-520 0,0001 0,2924016710352
-510 0,0001 20,603999999999928
-500 0,0001 0,0
-490 0,0001 -0,2924016321823569
-480 0,0001 -0,2924016051136749
-470 0,0001 -0,2924015987686302
-460 0,0001 -0,29240163246858336
-450 0,0001 -85,5
-440 0,0001 -99,26400000000001
-430 0,0001 -111,97200000000004
-420 0,0001 -0,2924016319856859
-410 0,0001 -134,31600000000003
-400 0,0001 -144,0
-390 0,0001 -0,29240157956797486
-380 0,0001 -160,512
-370 0,0001 -0,29240165408530605
-360 0,0001 -173,376
-350 0,0001 -0,29240159695415197
-340 0,0001 -182,78400000000002
-330 0,0001 -186,252
-320 0,0001 -0,29240162918196
-310 0,0001 -190,836
-300 0,0001 -192,0
-290 0,0001 -192,44400000000002
-280 0,0001 -0,2924016379468849
-270 0,0001 -191,268
-260 0,0001 -189,696
-250 0,0001 -187,5
-240 0,0001 -184,704
-230 0,0001 -181,332
-220 0,0001 -177,40800000000002
-210 0,0001 -0,2924015768030918
-200 0,0001 -0,2924016567141301
-190 0,0001 -0,29240163212460385
-180 0,0001 -0,29240160202234206
-170 0,0001 -0,2924016650726764
-160 0,0001 -0,29240161949608146
-150 0,0001 -0,29240166288396674
-140 0,0001 -0,2924015919210604
-130 0,0001 -0,29240160194911724
-120 0,0001 -0,2924015862674893
-110 0,0001 -0,29240163496568544
-100 0,0001 -0,29240163289987875
-99 0,0001 -0,2924016090817433
-98 0,0001 -0,2924015844973767
-97 0,0001 -0,2924016591146068
-96 0,0001 -0,29240163289987875
-95 0,0001 -0,29240160581764046
-94 0,0001 -0,292401577830419
-93 0,0001 -0,2924016488986379
-92 0,0001 -0,29240161898085437
-91 0,0001 -0,29240158803311056
-90 0,0001 -0,29240165600879514
-89 0,0001 -0,29240162285914895
-88 0,0001 -0,29240158853222037
-87 0,0001 -0,2924016529730396
-86 0,0001 -0,2924016161237283
-85 0,0001 -0,2924015779227205
-84 0,0001 -0,29240163830464144
-83 0,0001 -0,29240159720059233
-82 0,0001 -0,2924016545368931
-81 0,0001 -0,29240161023574923
-80 0,0001 -0,2924016642140423
-79 0,0001 -0,292401616383767
-78 0,0001 -0,2924016666507746
-77 0,0001 -0,2924016149151957
-76 0,0001 -0,292401661070121
-75 0,0001 -0,2924016050018221
-74 0,0001 -0,29240164658844786
-73 0,0001 -0,29240158570012986
-72 0,0001 -0,29240162219743165
-71 0,0001 -0,29240165593141004
-70 0,0001 -0,2924015867423149
-69 0,0001 -0,29240161445835755
-68 0,0001 -0,2924016388954908
-67 0,0001 -0,29240165985550615
-66 0,0001 -0,29240157712520054
-65 0,0001 -0,292401590474543
-64 0,0001 -0,2924015996556509
-63 0,0001 -0,29240160440066604
-62 0,0001 -0,2924016044199517
-61 0,0001 -0,2924015993997673
-60 0,0001 -0,2924015890001986
-59 0,0001 -0,29240167285194446
-58 0,0001 -0,2924016505538725
-57 0,0001 -0,2924016216691134
-56 0,0001 -0,2924015857213845
-55 0,0001 -0,2924016421905574
-54 0,0001 -0,29240159050825576
-53 0,0001 -0,2924016300513229
-52 0,0001 -0,29240166013654034
-51 0,0001 -0,2924015800128377
-50 0,0001 -0,29240158885293366
-49 0,0001 -0,2924015857445347
-48 0,0001 -0,29240166967896775
-47 0,0001 -0,29240163953933007
-46 0,0001 -0,29240159408567223
-45 0,0001 -0,2924016319385
-44 0,0001 -0,29240165155998626
-43 0,0001 -0,29240165123105755
-42 0,0001 -0,2924016290254658
-41 0,0001 -0,29240158277904893
-40 0,0001 -0,2924016100533969
-39 0,0001 -0,2924016080936545
-38 0,0001 -0,29240167377715875
-37 0,0001 -0,2924016035537494
-36 0,0001 -0,2924015933727129
-35 0,0001 -0,29240163859632456
-34 0,0001 -0,2924016338947153
-33 0,0001 -0,2924016731177699
-32 0,0001 -0,29240164913924466
-31 0,0001 -0,29240165366460696
-30 0,0001 -0,2924015769937248
-29 0,0001 -0,29240160772464796
-28 0,0001 -0,2924016323831392
-27 0,0001 -0,2924016349532819
-26 0,0001 -0,2924015962798046
-25 0,0001 -0,29240159330002774
-24 0,0001 -0,2924015980467205
-23 0,0001 -0,29240157634180153
-22 0,0001 -0,29240158606415556
-21 0,0001 -0,29240157482805784
-20 0,0001 -0,29240157682806933
-19 0,0001 -0,2924016084930097
-18 0,0001 -0,2924016624041873
-17 0,0001 -0,2924015986385361
-16 0,0001 -0,29240163221062265
-15 0,0001 -0,2924016144686355
-14 0,0001 -0,2924016048701764
-13 0,0001 -0,29240162700629474
-12 0,0001 -0,29240159796047294
-11 0,0001 -0,2924016107883371
-10 0,0001 -0,29240163087524057
-9 0,0001 -0,29240162569641515
-8 0,0001 -0,29240165185576655
-7 0,0001 -0,2924015823484778
-6 0,0001 -0,29240158529291865
-5 0,0001 -0,29240163486607224
-4 0,0001 -0,2924016183398614
-3 0,0001 -0,29240162260504715
-2 0,0001 -0,2924016723149025
-1 0,0001 -0,2924015762878281
0 0,0001 0,0
1 0,0001 0,2924015762878281
2 0,0001 0,2924016723149025
3 0,0001 0,29240162260504715
4 0,0001 0,2924016183398614
5 0,0001 0,29240163486607224
6 0,0001 0,29240158529291865
7 0,0001 0,2924015823484778
8 0,0001 0,29240165185576655
9 0,0001 0,29240162569641515
10 0,0001 0,29240163087524057
11 0,0001 0,2924016107883371
12 0,0001 0,29240159796047294
13 0,0001 0,29240162700629474
14 0,0001 0,2924016048701764
15 0,0001 0,2924016144686355
16 0,0001 0,29240163221062265
17 0,0001 0,2924015986385361
18 0,0001 0,2924016624041873
19 0,0001 0,2924016084930097
20 0,0001 0,29240157682806933
21 0,0001 0,29240157482805784
22 0,0001 0,29240158606415556
23 0,0001 0,29240157634180153
24 0,0001 0,2924015980467205
25 0,0001 0,29240159330002774
26 0,0001 0,2924015962798046
27 0,0001 0,2924016349532819
28 0,0001 0,2924016323831392
29 0,0001 0,29240160772464796
30 0,0001 0,2924015769937248
31 0,0001 0,29240165366460696
32 0,0001 0,29240164913924466
33 0,0001 0,2924016731177699
34 0,0001 0,2924016338947153
35 0,0001 0,29240163859632456
36 0,0001 0,2924015933727129
37 0,0001 0,2924016035537494
38 0,0001 0,29240167377715875
39 0,0001 0,2924016080936545
40 0,0001 0,2924016100533969
41 0,0001 0,29240158277904893
42 0,0001 0,2924016290254658
43 0,0001 0,29240165123105755
44 0,0001 0,29240165155998626
45 0,0001 0,2924016319385
46 0,0001 0,29240159408567223
47 0,0001 0,29240163953933007
48 0,0001 0,29240166967896775
49 0,0001 0,2924015857445347
50 0,0001 0,29240158885293366
51 0,0001 0,2924015800128377
52 0,0001 0,29240166013654034
53 0,0001 0,2924016300513229
54 0,0001 0,29240159050825576
55 0,0001 0,2924016421905574
56 0,0001 0,2924015857213845
57 0,0001 0,2924016216691134
58 0,0001 0,2924016505538725
59 0,0001 0,29240167285194446
60 0,0001 0,2924015890001986
61 0,0001 0,2924015993997673
62 0,0001 0,2924016044199517
63 0,0001 0,29240160440066604
64 0,0001 0,2924015996556509
65 0,0001 0,292401590474543
66 0,0001 0,29240157712520054
67 0,0001 0,29240165985550615
68 0,0001 0,2924016388954908
69 0,0001 0,29240161445835755
70 0,0001 0,2924015867423149
71 0,0001 0,29240165593141004
72 0,0001 0,29240162219743165
73 0,0001 0,29240158570012986
74 0,0001 0,29240164658844786
75 0,0001 0,2924016050018221
76 0,0001 0,292401661070121
77 0,0001 0,2924016149151957
78 0,0001 0,2924016666507746
79 0,0001 0,292401616383767
80 0,0001 0,2924016642140423
81 0,0001 0,29240161023574923
82 0,0001 0,2924016545368931
83 0,0001 0,29240159720059233
84 0,0001 0,29240163830464144
85 0,0001 0,2924015779227205
86 0,0001 0,2924016161237283
87 0,0001 0,2924016529730396
88 0,0001 0,29240158853222037
89 0,0001 0,29240162285914895
90 0,0001 0,29240165600879514
91 0,0001 0,29240158803311056
92 0,0001 0,29240161898085437
93 0,0001 0,2924016488986379
94 0,0001 0,292401577830419
95 0,0001 0,29240160581764046
96 0,0001 0,29240163289987875
97 0,0001 0,2924016591146068
98 0,0001 0,2924015844973767
99 0,0001 0,2924016090817433
100 0,0001 0,29240163289987875
110 0,0001 0,29240163496568544
120 0,0001 0,2924015862674893
130 0,0001 0,29240160194911724
140 0,0001 0,2924015919210604
150 0,0001 0,29240166288396674
160 0,0001 0,29240161949608146
170 0,0001 0,2924016650726764
180 0,0001 0,29240160202234206
190 0,0001 0,29240163212460385
200 0,0001 0,2924016567141301
210 0,0001 0,2924015768030918
220 0,0001 177,40800000000002
230 0,0001 181,332
240 0,0001 184,704
250 0,0001 187,5
260 0,0001 189,696
270 0,0001 191,268
280 0,0001 0,2924016379468849
290 0,0001 192,44400000000002
300 0,0001 192,0
310 0,0001 190,836
320 0,0001 0,29240162918196
330 0,0001 186,252
340 0,0001 182,78400000000002
350 0,0001 0,29240159695415197
360 0,0001 173,376
370 0,0001 0,29240165408530605
380 0,0001 160,512
390 0,0001 0,29240157956797486
400 0,0001 144,0
410 0,0001 134,31600000000003
420 0,0001 0,2924016319856859
430 0,0001 111,97200000000004
440 0,0001 99,26400000000001
450 0,0001 85,5
460 0,0001 0,29240163246858336
470 0,0001 0,2924015987686302
480 0,0001 0,2924016051136749
490 0,0001 0,2924016321823569
500 0,0001 0,0
510 0,0001 -20,603999999999928
520 0,0001 -0,2924016710352
530 0,0001 -0,2924016349978895
540 0,0001 -89,856
550 0,0001 -0,29240162334306413
560 0,0001 -142,46399999999994
570 0,0001 -170,77199999999993
580 0,0001 -200,44799999999998
590 0,0001 -231,51599999999996
600 0,0001 -264,0
610 0,0001 -297,924
620 0,0001 -333,312
630 0,0001 -370,188
640 0,0001 -408,576
650 0,0001 -448,5
660 0,0001 -489,9839999999999
670 0,0001 -533,0519999999999
680 0,0001 -577,7279999999998
690 0,0001 -624,0359999999998
700 0,0001 -672,0
710 0,0001 -721,644
720 0,0001 -772,992
730 0,0001 -826,068
740 0,0001 -880,896
750 0,0001 -937,5
760 0,0001 -995,904
770 0,0001 -1056,1319999999998
780 0,0001 -1118,2079999999999
790 0,0001 -1182,156
800 0,0001 -1248,0
810 0,0001 -1315,7640000000001
820 0,0001 2909,495296
830 0,0001 2837,8192959999997
840 0,0001 2764,151296
850 0,0001 2688,467296
860 0,0001 2610,7432959999996
870 0,0001 2530,955296
880 0,0001 2449,079296
890 0,0001 2365,0912959999996
900 0,0001 2278,967296
910 0,0001 2190,683296
920 0,0001 2100,215296
930 0,0001 2007,539296
940 0,0001 1912,631296
950 0,0001 1815,4672959999998
960 0,0001 1716,0232959999998
970 0,0001 1614,275296
980 0,0001 1510,199296
990 0,0001 1403,771296
-1000 0,0002 -1589,934592
-990 0,0002 -1817,542592
-980 0,0002 -2040,398592
-970 0,0002 -2258,550592
-960 0,0002 -2472,0465919999997
-950 0,0002 -2680,9345919999996
-940 0,0002 -2885,262592
-930 0,0002 -3085,078592
-920 0,0002 -3280,4305919999997
-910 0,0002 -3471,366592
-900 0,0002 -3657,934592
-890 0,0002 -3840,1825919999997
-880 0,0002 -4018,1585919999998
-870 0,0002 -4191,910592
-860 0,0002 -4361,486591999999
-850 0,0002 -4526,934592
-840 0,0002 -4688,302592
-830 0,0002 -4845,638591999999
-820 0,0002 -4998,990592
-810 0,0002 3441,5280000000002
-800 0,0002 3296,0
-790 0,0002 3154,312
-780 0,0002 3016,4159999999997
-770 0,0002 2882,2639999999997
-760 0,0002 2751,808
-750 0,0002 2625,0
-740 0,0002 2501,792
-730 0,0002 2382,136
-720 0,0002 2265,984
-710 0,0002 2153,288
-700 0,0002 2044,0
-690 0,0002 1938,0719999999997
-680 0,0002 1835,4559999999997
-670 0,0002 1736,1039999999998
-660 0,0002 1639,9679999999998
-650 0,0002 1547,0
-640 0,0002 1457,152
-630 0,0002 1370,376
-620 0,0002 1286,624
-610 0,0002 1205,848
-600 0,0002 1128,0
-590 0,0002 1053,032
-580 0,0002 980,896
-570 0,0002 911,5439999999999
-560 0,0002 844,9279999999999
-550 0,0002 781,0
-540 0,0002 719,712
-530 0,0002 661,0159999999998
-520 0,0002 604,864
-510 0,0002 551,2079999999999
-500 0,0002 500,0
-490 0,0002 451,192
-480 0,0002 404,736
-470 0,0002 360,58399999999995
-460 0,0002 318,688
-450 0,0002 279,0
-440 0,0002 241,47199999999998
-430 0,0002 206,05599999999993
-420 0,0002 0,2320793398153928
-410 0,0002 141,36799999999994
-400 0,0002 112,0
-390 0,0002 0,23207929975932934
-380 0,0002 58,976
-370 0,0002 0,2320792711773347
-360 0,0002 13,24799999999999
-350 0,0002 -0,23207930048825315
-340 0,0002 -0,2320792962599888
-330 0,0002 -42,50400000000002
-320 0,0002 -0,23207926583603303
-310 0,0002 -0,2320792832242797
-300 0,0002 -84,0
-290 0,0002 -94,888
-280 0,0002 -0,23207926657048178
-270 0,0002 -0,23207933427010483
-260 0,0002 -0,23207927940961362
-250 0,0002 -125,0
-240 0,0002 -129,40800000000002
-230 0,0002 -132,664
-220 0,0002 -134,816
-210 0,0002 -0,23207925710777466
-200 0,0002 -0,23207925743055122
-190 0,0002 -0,2320792541959701
-180 0,0002 -0,23207924732202548
-170 0,0002 -0,2320793364493825
-160 0,0002 -0,2320793209176565
-150 0,0002 -0,23207929969921742
-140 0,0002 -0,23207927127922795
-130 0,0002 -0,23207933345184933
-120 0,0002 -0,23207928298213176
-110 0,0002 -0,23207931503166138
-100 0,0002 -0,23207932215784996
-99 0,0002 -0,23207931109553367
-98 0,0002 -0,23207929965636787
-97 0,0002 -0,23207928782447962
-96 0,0002 -0,23207927558321195
-95 0,0002 -0,23207926291497422
-94 0,0002 -0,23207924980123426
-93 0,0002 -0,23207933622230667
-92 0,0002 -0,23207932215784996
-91 0,0002 -0,23207930758598486
-90 0,0002 -0,23207929248371129
-89 0,0002 -0,23207927682672583
-88 0,0002 -0,23207926058934544
-87 0,0002 -0,23207924374437053
-86 0,0002 -0,23207932626285582
-85 0,0002 -0,23207930811454805
-84 0,0002 -0,23207928926701185
-83 0,0002 -0,23207926968587947
-82 0,0002 -0,2320792493347376
-81 0,0002 -0,23207932817469568
-80 0,0002 -0,23207930616484462
-79 0,0002 -0,23207928326129745
-78 0,0002 -0,23207925941735136
-77 0,0002 -0,23207933458317645
-76 0,0002 -0,2320793087059921
-75 0,0002 -0,23207928172908265
-74 0,0002 -0,232079253591966
-73 0,0002 -0,23207932422982397
-72 0,0002 -0,23207929357372442
-71 0,0002 -0,2320792615493956
-70 0,0002 -0,2320793280772064
-69 0,0002 -0,23207929307206904
-68 0,0002 -0,23207925644224156
-67 0,0002 -0,232079318088934
-66 0,0002 -0,23207927790628802
-65 0,0002 -0,23207933577962397
-64 0,0002 -0,2320792915857637
-63 0,0002 -0,23207924519120854
-62 0,0002 -0,23207929645158343
-61 0,0002 -0,23207924521096723
-60 0,0002 -0,23207929129971724
-59 0,0002 -0,23207933453407376
-58 0,0002 -0,23207927471425738
-57 0,0002 -0,23207931162232515
-56 0,0002 -0,23207924502119354
-55 0,0002 -0,23207927465149
-54 0,0002 -0,2320793002298648
-53 0,0002 -0,23207932144585414
-52 0,0002 -0,23207933795870833
-51 0,0002 -0,23207924939402802
-50 0,0002 -0,2320792553391452
-49 0,0002 -0,2320792553391452
-48 0,0002 -0,23207924889101433
-47 0,0002 -0,23207933543735737
-46 0,0002 -0,2320793143599075
-45 0,0002 -0,2320792849703878
-44 0,0002 -0,2320792465013868
-43 0,0002 -0,23207929809493633
-42 0,0002 -0,23207933878992199
-41 0,0002 -0,2320792675063025
-40 0,0002 -0,23207928302680583
-39 0,0002 -0,23207928397632516
-38 0,0002 -0,23207926879602914
-37 0,0002 -0,2320793357132699
-36 0,0002 -0,2320792827058305
-35 0,0002 -0,23207930745776473
-34 0,0002 -0,2320793073075038
-33 0,0002 -0,2320792791837354
-32 0,0002 -0,2320793195272011
-31 0,0002 -0,2320793241951165
-30 0,0002 -0,23207928834221966
-29 0,0002 -0,23207930627278578
-28 0,0002 -0,23207927125568575
-27 0,0002 -0,23207927528923625
-26 0,0002 -0,2320793088031434
-25 0,0002 -0,23207926027422707
-24 0,0002 -0,23207931572776302
-23 0,0002 -0,23207925808512483
-22 0,0002 -0,2320792662972435
-21 0,0002 -0,23207931418438568
-20 0,0002 -0,2320792688592222
-19 0,0002 -0,23207928855342097
-18 0,0002 -0,23207931957801758
-17 0,0002 -0,23207929199526306
-16 0,0002 -0,23207931334059118
-15 0,0002 -0,2320792593217426
-14 0,0002 -0,23207925970789023
-13 0,0002 -0,23207927634417955
-12 0,0002 -0,23207926783387348
-11 0,0002 -0,2320793307822491
-10 0,0002 -0,23207929798189209
-9 0,0002 -0,2320792533017138
-8 0,0002 -0,23207927522149632
-7 0,0002 -0,23207930048825315
-6 0,0002 -0,23207926352669905
-5 0,0002 -0,23207930199150895
-4 0,0002 -0,23207931046752636
-3 0,0002 -0,23207933417887783
-2 0,0002 -0,23207933944557474
-1 0,0002 -0,23207924341928082
0 0,0002 0,0
1 0,0002 0,23207924341928082
2 0,0002 0,23207933944557474
3 0,0002 0,23207933417887783
4 0,0002 0,23207931046752636
5 0,0002 0,23207930199150895
6 0,0002 0,23207926352669905
7 0,0002 0,23207930048825315
8 0,0002 0,23207927522149632
9 0,0002 0,2320792533017138
10 0,0002 0,23207929798189209
11 0,0002 0,2320793307822491
12 0,0002 0,23207926783387348
13 0,0002 0,23207927634417955
14 0,0002 0,23207925970789023
15 0,0002 0,2320792593217426
16 0,0002 0,23207931334059118
17 0,0002 0,23207929199526306
18 0,0002 0,23207931957801758
19 0,0002 0,23207928855342097
20 0,0002 0,2320792688592222
21 0,0002 0,23207931418438568
22 0,0002 0,2320792662972435
23 0,0002 0,23207925808512483
24 0,0002 0,23207931572776302
25 0,0002 0,23207926027422707
26 0,0002 0,2320793088031434
27 0,0002 0,23207927528923625
28 0,0002 0,23207927125568575
29 0,0002 0,23207930627278578
30 0,0002 0,23207928834221966
31 0,0002 0,2320793241951165
32 0,0002 0,2320793195272011
33 0,0002 0,2320792791837354
34 0,0002 0,2320793073075038
35 0,0002 0,23207930745776473
36 0,0002 0,2320792827058305
37 0,0002 0,2320793357132699
38 0,0002 0,23207926879602914
39 0,0002 0,23207928397632516
40 0,0002 0,23207928302680583
41 0,0002 0,2320792675063025
42 0,0002 0,23207933878992199
43 0,0002 0,23207929809493633
44 0,0002 0,2320792465013868
45 0,0002 0,2320792849703878
46 0,0002 0,2320793143599075
47 0,0002 0,23207933543735737
48 0,0002 0,23207924889101433
49 0,0002 0,2320792553391452
50 0,0002 0,2320792553391452
51 0,0002 0,23207924939402802
52 0,0002 0,23207933795870833
53 0,0002 0,23207932144585414
54 0,0002 0,2320793002298648
55 0,0002 0,23207927465149
56 0,0002 0,23207924502119354
57 0,0002 0,23207931162232515
58 0,0002 0,23207927471425738
59 0,0002 0,23207933453407376
60 0,0002 0,23207929129971724
61 0,0002 0,23207924521096723
62 0,0002 0,23207929645158343
63 0,0002 0,23207924519120854
64 0,0002 0,2320792915857637
65 0,0002 0,23207933577962397
66 0,0002 0,23207927790628802
67 0,0002 0,232079318088934
68 0,0002 0,23207925644224156
69 0,0002 0,23207929307206904
70 0,0002 0,2320793280772064
71 0,0002 0,2320792615493956
72 0,0002 0,23207929357372442
73 0,0002 0,23207932422982397
74 0,0002 0,232079253591966
75 0,0002 0,23207928172908265
76 0,0002 0,2320793087059921
77 0,0002 0,23207933458317645
78 0,0002 0,23207925941735136
79 0,0002 0,23207928326129745
80 0,0002 0,23207930616484462
81 0,0002 0,23207932817469568
82 0,0002 0,2320792493347376
83 0,0002 0,23207926968587947
84 0,0002 0,23207928926701185
85 0,0002 0,23207930811454805
86 0,0002 0,23207932626285582
87 0,0002 0,23207924374437053
88 0,0002 0,23207926058934544
89 0,0002 0,23207927682672583
90 0,0002 0,23207929248371129
91 0,0002 0,23207930758598486
92 0,0002 0,23207932215784996
93 0,0002 0,23207933622230667
94 0,0002 0,23207924980123426
95 0,0002 0,23207926291497422
96 0,0002 0,23207927558321195
97 0,0002 0,23207928782447962
98 0,0002 0,23207929965636787
99 0,0002 0,23207931109553367
100 0,0002 0,23207932215784996
110 0,0002 0,23207931503166138
120 0,0002 0,23207928298213176
130 0,0002 0,23207933345184933
140 0,0002 0,23207927127922795
150 0,0002 0,23207929969921742
160 0,0002 0,2320793209176565
170 0,0002 0,2320793364493825
180 0,0002 0,23207924732202548
190 0,0002 0,2320792541959701
200 0,0002 0,23207925743055122
210 0,0002 0,23207925710777466
220 0,0002 134,816
230 0,0002 132,664
240 0,0002 129,40800000000002
250 0,0002 125,0
260 0,0002 0,23207927940961362
270 0,0002 0,23207933427010483
280 0,0002 0,23207926657048178
290 0,0002 94,888
300 0,0002 84,0
310 0,0002 0,2320792832242797
320 0,0002 0,23207926583603303
330 0,0002 42,50400000000002
340 0,0002 0,2320792962599888
350 0,0002 0,23207930048825315
360 0,0002 -13,24799999999999
370 0,0002 -0,2320792711773347
380 0,0002 -58,976
390 0,0002 -0,23207929975932934
400 0,0002 -112,0
410 0,0002 -141,36799999999994
420 0,0002 -0,2320793398153928
430 0,0002 -206,05599999999993
440 0,0002 -241,47199999999998
450 0,0002 -279,0
460 0,0002 -318,688
470 0,0002 -360,58399999999995
480 0,0002 -404,736
490 0,0002 -451,192
500 0,0002 -500,0
510 0,0002 -551,2079999999999
520 0,0002 -604,864
530 0,0002 -661,0159999999998
540 0,0002 -719,712
550 0,0002 -781,0
560 0,0002 -844,9279999999999
570 0,0002 -911,5439999999999
580 0,0002 -980,896
590 0,0002 -1053,032
600 0,0002 -1128,0
610 0,0002 -1205,848
620 0,0002 -1286,624
630 0,0002 -1370,376
640 0,0002 -1457,152
650 0,0002 -1547,0
660 0,0002 -1639,9679999999998
670 0,0002 -1736,1039999999998
680 0,0002 -1835,4559999999997
690 0,0002 -1938,0719999999997
700 0,0002 -2044,0
710 0,0002 -2153,288
720 0,0002 -2265,984
730 0,0002 -2382,136
740 0,0002 -2501,792
750 0,0002 -2625,0
760 0,0002 -2751,808
770 0,0002 -2882,2639999999997
780 0,0002 -3016,4159999999997
790 0,0002 -3154,312
800 0,0002 -3296,0
810 0,0002 -3441,5280000000002
820 0,0002 4998,990592
830 0,0002 4845,638591999999
840 0,0002 4688,302592
850 0,0002 4526,934592
860 0,0002 4361,486591999999
870 0,0002 4191,910592
880 0,0002 4018,1585919999998
890 0,0002 3840,1825919999997
900 0,0002 3657,934592
910 0,0002 3471,366592
920 0,0002 3280,4305919999997
930 0,0002 3085,078592
940 0,0002 2885,262592
950 0,0002 2680,9345919999996
960 0,0002 2472,0465919999997
970 0,0002 2258,550592
980 0,0002 2040,398592
990 0,0002 1817,542592
-1000 0,00030000000000000003 -1884,9018879999999
-990 0,00030000000000000003 -2231,313888
-980 0,00030000000000000003 -2570,5978880000002
-970 0,00030000000000000003 -2902,8258880000003
-960 0,00030000000000000003 -3228,069888
-950 0,00030000000000000003 -3546,401888
-940 0,00030000000000000003 -3857,893888
-930 0,00030000000000000003 -4162,617888000001
-920 0,00030000000000000003 -4460,645888
-910 0,00030000000000000003 -4752,049888
-900 0,00030000000000000003 -5036,901888
-890 0,00030000000000000003 -5315,273888
-880 0,00030000000000000003 -5587,237888000001
-870 0,00030000000000000003 -5852,865888
-860 0,00030000000000000003 -6112,229888
-850 0,00030000000000000003 -6365,401888
-840 0,00030000000000000003 -6612,453888
-830 0,00030000000000000003 -6853,457888
-820 0,00030000000000000003 -7088,485888
-810 0,00030000000000000003 5567,292
-800 0,00030000000000000003 5344,0
-790 0,00030000000000000003 5126,468
-780 0,00030000000000000003 4914,624
-770 0,00030000000000000003 4708,396
-760 0,00030000000000000003 4507,712
-750 0,00030000000000000003 4312,5
-740 0,00030000000000000003 4122,688
-730 0,00030000000000000003 3938,2039999999997
-720 0,00030000000000000003 3758,9760000000006
-710 0,00030000000000000003 3584,932
-700 0,00030000000000000003 3416,0
-690 0,00030000000000000003 3252,108
-680 0,00030000000000000003 3093,184
-670 0,00030000000000000003 2939,156
-660 0,00030000000000000003 2789,952
-650 0,00030000000000000003 2645,5
-640 0,00030000000000000003 2505,728
-630 0,00030000000000000003 2370,564
-620 0,00030000000000000003 2239,936
-610 0,00030000000000000003 2113,772
-600 0,00030000000000000003 1992,0
-590 0,00030000000000000003 1874,5480000000002
-580 0,00030000000000000003 1761,344
-570 0,00030000000000000003 1652,3160000000003
-560 0,00030000000000000003 1547,3920000000003
-550 0,00030000000000000003 1446,5
-540 0,00030000000000000003 1349,568
-530 0,00030000000000000003 1256,5240000000001
-520 0,00030000000000000003 1167,296
-510 0,00030000000000000003 1081,8120000000001
-500 0,00030000000000000003 1000,0
-490 0,00030000000000000003 921,788
-480 0,00030000000000000003 847,104
-470 0,00030000000000000003 775,876
-460 0,00030000000000000003 708,0319999999999
-450 0,00030000000000000003 643,5
-440 0,00030000000000000003 582,208
-430 0,00030000000000000003 524,0840000000001
-420 0,00030000000000000003 469,05600000000004
-410 0,00030000000000000003 417,052
-400 0,00030000000000000003 368,0
-390 0,00030000000000000003 321,828
-380 0,00030000000000000003 278,46400000000006
-370 0,00030000000000000003 237,836
-360 0,00030000000000000003 199,87200000000007
-350 0,00030000000000000003 0,20273990500211264
-340 0,00030000000000000003 0,2027398705135944
-330 0,00030000000000000003 101,24400000000003
-320 0,00030000000000000003 0,20273993478810057
-310 0,00030000000000000003 0,202739932233694
-300 0,00030000000000000003 24,0
-290 0,00030000000000000003 2,6680000000000064
-280 0,00030000000000000003 -0,20273987446264205
-270 0,00030000000000000003 -0,20273988514622754
-260 0,00030000000000000003 -0,20273994532549902
-250 0,00030000000000000003 -62,5
-240 0,00030000000000000003 -74,112
-230 0,00030000000000000003 -83,99600000000001
-220 0,00030000000000000003 -92,224
-210 0,00030000000000000003 -0,20273993661128364
-200 0,00030000000000000003 -0,2027398689773058
-190 0,00030000000000000003 -0,20273988887012243
-180 0,00030000000000000003 -0,20273990013075413
-170 0,00030000000000000003 -0,20273990482694898
-160 0,00030000000000000003 -0,20273990394454497
-150 0,00030000000000000003 -0,20273989770911066
-140 0,00030000000000000003 -0,2027398857076313
-130 0,00030000000000000003 -0,20273986687181836
-120 0,00030000000000000003 -0,2027399393264496
-110 0,00030000000000000003 -0,2027399000563268
-100 0,00030000000000000003 -0,20273994427088582
-99 0,00030000000000000003 -0,2027399375206627
-98 0,00030000000000000003 -0,20273993052195502
-97 0,00030000000000000003 -0,20273992326431844
-96 0,00030000000000000003 -0,20273991573682648
-95 0,00030000000000000003 -0,2027399079278941
-94 0,00030000000000000003 -0,20273989982535465
-93 0,00030000000000000003 -0,20273989141633733
-92 0,00030000000000000003 -0,20273988268724585
-91 0,00030000000000000003 -0,20273987362377743
-90 0,00030000000000000003 -0,20273996421060483
-89 0,00030000000000000003 -0,202739954432005
-88 0,00030000000000000003 -0,20273994427088582
-87 0,00030000000000000003 -0,2027399337092788
-86 0,00030000000000000003 -0,2027399227282002
-85 0,00030000000000000003 -0,20273991130747848
-84 0,00030000000000000003 -0,20273989942576676
-83 0,00030000000000000003 -0,20273988706034166
-82 0,00030000000000000003 -0,20273987418715594
-81 0,00030000000000000003 -0,20273996078040618
-80 0,00030000000000000003 -0,202739946813177
-79 0,00030000000000000003 -0,20273993225633796
-78 0,00030000000000000003 -0,20273991707901448
-77 0,00030000000000000003 -0,20273990124828012
-76 0,00030000000000000003 -0,20273988472905957
-75 0,00030000000000000003 -0,2027398674838377
-74 0,00030000000000000003 -0,20273994947238705
-73 0,00030000000000000003 -0,20273993065218843
-72 0,00030000000000000003 -0,2027399109772051
-71 0,00030000000000000003 -0,20273989039832016
-70 0,00030000000000000003 -0,20273986886283404
-69 0,00030000000000000003 -0,20273994631397585
-68 0,00030000000000000003 -0,20273992269127183
-67 0,00030000000000000003 -0,20273989792919067
-66 0,00030000000000000003 -0,20273987195729204
-65 0,00030000000000000003 -0,20273994469949153
-64 0,00030000000000000003 -0,2027399160741951
-63 0,00030000000000000003 -0,2027398859927417
-62 0,00030000000000000003 -0,20273995435920453
-61 0,00030000000000000003 -0,20273992107016128
-60 0,00030000000000000003 -0,20273988601302825
-59 0,00030000000000000003 -0,20273994906552106
-58 0,00030000000000000003 -0,2027399100951447
-57 0,00030000000000000003 -0,20273986895716603
-56 0,00030000000000000003 -0,20273992549372624
-55 0,00030000000000000003 -0,20273987953293365
-54 0,00030000000000000003 -0,20273993088613346
-53 0,00030000000000000003 -0,20273987934724944
-52 0,00030000000000000003 -0,20273992468949434
-51 0,00030000000000000003 -0,20273986666422766
-50 0,00030000000000000003 -0,2027399049968751
-49 0,00030000000000000003 -0,20273993938506144
-48 0,00030000000000000003 -0,20273986949442535
-47 0,00030000000000000003 -0,2027398949540295
-46 0,00030000000000000003 -0,2027399153526255
-45 0,00030000000000000003 -0,20273993023246634
-44 0,00030000000000000003 -0,2027399390829836
-43 0,00030000000000000003 -0,20273994133347267
-42 0,00030000000000000003 -0,20273993634428747
-41 0,00030000000000000003 -0,20273992339664054
-40 0,00030000000000000003 -0,20273990168061573
-39 0,00030000000000000003 -0,2027398702808826
-38 0,00030000000000000003 -0,20273992815970532
-37 0,00030000000000000003 -0,20273987413747577
-36 0,00030000000000000003 -0,20273990686747076
-35 0,00030000000000000003 -0,20273992480812356
-34 0,00030000000000000003 -0,20273992618721404
-33 0,00030000000000000003 -0,20273990895965205
-32 0,00030000000000000003 -0,20273987075532682
-31 0,00030000000000000003 -0,20273990881509388
-30 0,00030000000000000003 -0,20273991991213589
-29 0,00030000000000000003 -0,2027399002529316
-28 0,00030000000000000003 -0,20273994535370285
-27 0,00030000000000000003 -0,2027399498846115
-26 0,00030000000000000003 -0,20273990747024076
-25 0,00030000000000000003 -0,2027399104336487
-24 0,00030000000000000003 -0,20273994946458926
-23 0,00030000000000000003 -0,20273991318408527
-22 0,00030000000000000003 -0,20273988756718545
-21 0,00030000000000000003 -0,2027399551694119
-20 0,00030000000000000003 -0,20273989407617124
-19 0,00030000000000000003 -0,20273987645347982
-18 0,00030000000000000003 -0,20273986652218612
-17 0,00030000000000000003 -0,20273991767290894
-16 0,00030000000000000003 -0,2027398682816602
-15 0,00030000000000000003 -0,20273993550886577
-14 0,00030000000000000003 -0,20273990589482965
-13 0,00030000000000000003 -0,20273992070238878
-12 0,00030000000000000003 -0,20273995237474318
-11 0,00030000000000000003 -0,20273996536722544
-10 0,00030000000000000003 -0,20273994827461517
-9 0,00030000000000000003 -0,2027398904304943
-8 0,00030000000000000003 -0,20273994427320616
-7 0,00030000000000000003 -0,20273993446724384
-6 0,00030000000000000003 -0,20273995087244978
-5 0,00030000000000000003 -0,20273995230301314
-4 0,00030000000000000003 -0,20273993578131527
-3 0,00030000000000000003 -0,20273993264259335
-2 0,00030000000000000003 -0,20273988976247118
-1 0,00030000000000000003 -0,20273989373679444
0 0,00030000000000000003 0,0
1 0,00030000000000000003 0,20273989373679444
2 0,00030000000000000003 0,20273988976247118
3 0,00030000000000000003 0,20273993264259335
4 0,00030000000000000003 0,20273993578131527
5 0,00030000000000000003 0,20273995230301314
6 0,00030000000000000003 0,20273995087244978
7 0,00030000000000000003 0,20273993446724384
8 0,00030000000000000003 0,20273994427320616
9 0,00030000000000000003 0,2027398904304943
10 0,00030000000000000003 0,20273994827461517
11 0,00030000000000000003 0,20273996536722544
12 0,00030000000000000003 0,20273995237474318
13 0,00030000000000000003 0,20273992070238878
14 0,00030000000000000003 0,20273990589482965
15 0,00030000000000000003 0,20273993550886577
16 0,00030000000000000003 0,2027398682816602
17 0,00030000000000000003 0,20273991767290894
18 0,00030000000000000003 0,20273986652218612
19 0,00030000000000000003 0,20273987645347982
20 0,00030000000000000003 0,20273989407617124
21 0,00030000000000000003 0,2027399551694119
22 0,00030000000000000003 0,20273988756718545
23 0,00030000000000000003 0,20273991318408527
24 0,00030000000000000003 0,20273994946458926
25 0,00030000000000000003 0,2027399104336487
26 0,00030000000000000003 0,20273990747024076
27 0,00030000000000000003 0,2027399498846115
28 0,00030000000000000003 0,20273994535370285
29 0,00030000000000000003 0,2027399002529316
30 0,00030000000000000003 0,20273991991213589
31 0,00030000000000000003 0,20273990881509388
32 0,00030000000000000003 0,20273987075532682
33 0,00030000000000000003 0,20273990895965205
34 0,00030000000000000003 0,20273992618721404
35 0,00030000000000000003 0,20273992480812356
36 0,00030000000000000003 0,20273990686747076
37 0,00030000000000000003 0,20273987413747577
38 0,00030000000000000003 0,20273992815970532
39 0,00030000000000000003 0,2027398702808826
40 0,00030000000000000003 0,20273990168061573
41 0,00030000000000000003 0,20273992339664054
42 0,00030000000000000003 0,20273993634428747
43 0,00030000000000000003 0,20273994133347267
44 0,00030000000000000003 0,2027399390829836
45 0,00030000000000000003 0,20273993023246634
46 0,00030000000000000003 0,2027399153526255
47 0,00030000000000000003 0,2027398949540295
48 0,00030000000000000003 0,20273986949442535
49 0,00030000000000000003 0,20273993938506144
50 0,00030000000000000003 0,2027399049968751
51 0,00030000000000000003 0,20273986666422766
